#' Serie histórica Golfo de Cádiz – campaña AS1
#'
#' Vector con los códigos de campaña AS1 en el Golfo de Cádiz.
#' Incluye todos los años disponibles en la serie histórica.
#' @family series históricas
#' @export
As1 <- c(
  "192","193","194","195","196","197","198","199",
  "100","101","102","104","105","106","107","108","109","110","111","112",
  "113","114","115","116","117","118","119","120","122","123","124"
)
