#' Serie histórica Golfo de Cádiz – campaña AS1
#'
#' Vector con los códigos de campaña AS1 en el Golfo de Cádiz.
#' Incluye todos los años disponibles en la serie histórica.
#' @family series históricas
#' @export
As2 <- c(
  "293","297","298","299",
  "200","201","202","203","204","205","206","207","208","209","210","211",
  "212","213","214","215","216","217","218","219","220","222","223","224"
)
